        1.00000        0.00000
        1.00000      0.0100000
       0.996052      0.0200000
       0.988157      0.0299605
       0.976300      0.0398415
       0.960451      0.0496015
       0.940565      0.0591967
       0.916580      0.0685802
       0.888414      0.0777005
       0.855965      0.0865004
       0.819106      0.0949146
       0.777682       0.102867
       0.731502       0.110269
       0.680332       0.117011
       0.623886       0.122957
       0.561803       0.127934
       0.493629       0.131711
       0.418775       0.133966
       0.336455       0.134229
       0.245582       0.131756
       0.144587       0.125245
      0.0311098       0.112037
     -0.0979670      0.0853167
      -0.236128      0.0258817
      -0.351371     -0.0535111
      -0.450094      -0.134715
      -0.537837      -0.214246
      -0.617529      -0.291368
      -0.690886      -0.365966
      -0.759014      -0.438098
      -0.822681      -0.507865
      -0.882445      -0.575381
      -0.938735      -0.640752
      -0.991886      -0.704076
       -1.04217      -0.765442
       -1.08980      -0.824929
       -1.13498      -0.882608
       -1.17785      -0.938545
       -1.21855      -0.992796
       -1.25721       -1.04541
       -1.29392       -1.09644
       -1.32877       -1.14593
       -1.36184       -1.19391
       -1.39321       -1.24043
       -1.42294       -1.28550
       -1.45109       -1.32917
       -1.47772       -1.37146
       -1.50286       -1.41239
       -1.52657       -1.45199
       -1.54888       -1.49029
       -1.56984       -1.52728
       -1.58947       -1.56301
       -1.60781       -1.59748
       -1.62489       -1.63071
       -1.64073       -1.66270
       -1.65536       -1.69349
       -1.66881       -1.72307
       -1.68109       -1.75146
       -1.69222       -1.77867
       -1.70223       -1.80470
       -1.71113       -1.82957
       -1.71894       -1.85328
       -1.72567       -1.87584
       -1.73134       -1.89726
       -1.73596       -1.91753
       -1.73955       -1.93667
       -1.74211       -1.95468
       -1.74365       -1.97156
       -1.74420       -1.98732
       -1.74375       -2.00195
       -1.74231       -2.01546
       -1.73990       -2.02784
       -1.73652       -2.03911
       -1.73218       -2.04926
       -1.72688       -2.05828
       -1.72063       -2.06618
       -1.71344       -2.07295
       -1.70531       -2.07860
       -1.69624       -2.08311
       -1.68624       -2.08649
       -1.67531       -2.08873
       -1.66346       -2.08982
       -1.65069       -2.08977
       -1.63699       -2.08856
       -1.62238       -2.08618
       -1.60685       -2.08264
       -1.59040       -2.07791
       -1.57304       -2.07200
       -1.55476       -2.06489
       -1.53556       -2.05657
       -1.51544       -2.04703
       -1.49440       -2.03625
       -1.47244       -2.02423
       -1.44955       -2.01096
       -1.42574       -1.99640
       -1.40099       -1.98056
       -1.37531       -1.96340
       -1.34869       -1.94492
       -1.32113       -1.92508
       -1.29262       -1.90388
       -1.26314       -1.88128
       -1.23271       -1.85726
       -1.20130       -1.83180
       -1.16892       -1.80486
       -1.13554       -1.77641
       -1.10117       -1.74643
       -1.06579       -1.71486
       -1.02939       -1.68168
      -0.991955       -1.64684
      -0.953477       -1.61029
      -0.913940       -1.57198
      -0.873328       -1.53185
      -0.831624       -1.48985
      -0.788811       -1.44590
      -0.744871       -1.39994
      -0.699783       -1.35186
      -0.653525       -1.30159
      -0.606076       -1.24902
      -0.557410       -1.19403
      -0.507502       -1.13647
      -0.456328       -1.07621
      -0.403859       -1.01304
      -0.350073      -0.946769
      -0.294946      -0.877133
      -0.238463      -0.803829
      -0.180620      -0.726481
      -0.121437      -0.644620
     -0.0609827      -0.557640
    0.000586086      -0.464746
      0.0629199      -0.364856
       0.125243      -0.256471
       0.185754      -0.137579
       0.240196    -0.00625742
       0.280913       0.135229
       0.305205       0.277143
       0.318088       0.413565
       0.323882       0.543549
       0.325062       0.667536
       0.323049       0.786162
       0.318707       0.900008
       0.312600        1.00956
       0.305113        1.11521
       0.296521        1.21729
       0.287028        1.31608
       0.276790        1.41181
       0.265926        1.50468
       0.254535        1.59485
       0.242695        1.68248
       0.230468        1.76769
       0.217911        1.85061
       0.205067        1.93133
       0.191975        2.00994
       0.178669        2.08654
       0.165177        2.16119
       0.151523        2.23396
       0.137732        2.30491
       0.123820        2.37410
       0.109807        2.44159
      0.0957076        2.50742
      0.0815353        2.57164
      0.0673031        2.63428
      0.0530222        2.69539
      0.0387031        2.75500
      0.0243551        2.81315
     0.00998705        2.86987
    -0.00439317        2.92518
     -0.0187782        2.97912
     -0.0331611        3.03170
     -0.0475358        3.08296
     -0.0618961        3.13292
     -0.0762368        3.18160
     -0.0905525        3.22902
      -0.104839        3.27520
      -0.119090        3.32016
      -0.133304        3.36392
      -0.147474        3.40648
      -0.161598        3.44788
      -0.175673        3.48812
      -0.189693        3.52721
      -0.203657        3.56518
      -0.217561        3.60203
      -0.231401        3.63778
      -0.245176        3.67243
      -0.258882        3.70600
      -0.272516        3.73851
      -0.286077        3.76995
      -0.299561        3.80035
      -0.312966        3.82970
      -0.326289        3.85802
      -0.339529        3.88531
      -0.352683        3.91159
      -0.365748        3.93686
      -0.378724        3.96113
      -0.391607        3.98441
      -0.404396        4.00670
      -0.417088        4.02801
      -0.429682        4.04834
      -0.442175        4.06770
      -0.454566        4.08610
      -0.466853        4.10354
      -0.479034        4.12002
      -0.491106        4.13555
      -0.503069        4.15014
      -0.514920        4.16379
      -0.526657        4.17650
      -0.538279        4.18828
      -0.549783        4.19912
      -0.561168        4.20904
      -0.572432        4.21804
      -0.583574        4.22611
      -0.594590        4.23326
      -0.605480        4.23950
      -0.616242        4.24482
      -0.626873        4.24923
      -0.637372        4.25273
      -0.647737        4.25532
      -0.657966        4.25700
      -0.668057        4.25778
      -0.678007        4.25765
      -0.687816        4.25661
      -0.697481        4.25467
      -0.707000        4.25183
      -0.716370        4.24808
      -0.725591        4.24343
      -0.734659        4.23787
      -0.743572        4.23141
      -0.752329        4.22405
      -0.760926        4.21578
      -0.769362        4.20661
      -0.777635        4.19653
      -0.785742        4.18554
      -0.793679        4.17364
      -0.801446        4.16083
      -0.809040        4.14711
      -0.816457        4.13247
      -0.823695        4.11692
      -0.830751        4.10045
      -0.837624        4.08305
      -0.844308        4.06473
      -0.850803        4.04548
      -0.857104        4.02530
      -0.863208        4.00419
      -0.869113        3.98214
      -0.874814        3.95914
      -0.880309        3.93520
      -0.885594        3.91031
      -0.890665        3.88446
      -0.895519        3.85766
      -0.900151        3.82988
      -0.904558        3.80114
      -0.908735        3.77142
      -0.912679        3.74072
      -0.916384        3.70902
      -0.919846        3.67633
      -0.923060        3.64264
      -0.926021        3.60794
      -0.928724        3.57222
      -0.931164        3.53547
      -0.933335        3.49769
      -0.935230        3.45886
      -0.936845        3.41898
      -0.938172        3.37804
      -0.939204        3.33602
      -0.939935        3.29292
      -0.940358        3.24872
      -0.940464        3.20341
      -0.940245        3.15698
      -0.939694        3.10941
      -0.938800        3.06070
      -0.937555        3.01082
      -0.935948        2.95977
      -0.933969        2.90752
      -0.931606        2.85406
      -0.928848        2.79936
      -0.925682        2.74342
      -0.922095        2.68620
      -0.918071        2.62770
      -0.913597        2.56788
      -0.908654        2.50672
      -0.903226        2.44419
      -0.897294        2.38028
      -0.890836        2.31494
      -0.883831        2.24815
      -0.876254        2.17987
      -0.868079        2.11008
      -0.859278        2.03872
      -0.849818        1.96577
      -0.839665        1.89117
      -0.828781        1.81487
      -0.817122        1.73684
      -0.804641        1.65700
      -0.791285        1.57531
      -0.776993        1.49168
      -0.761696        1.40606
      -0.745314        1.31835
      -0.727756        1.22847
      -0.708915        1.13632
      -0.688666        1.04180
      -0.666856       0.944770
      -0.643302       0.845106
      -0.617780       0.742652
      -0.590007       0.637241
      -0.559620       0.528689
      -0.526145       0.416800
      -0.488942       0.301390
      -0.447129       0.182328
      -0.399465      0.0596595
      -0.344230     -0.0660963
      -0.279328      -0.193296
      -0.203366      -0.318372
      -0.117846      -0.436834
     -0.0267011      -0.546490
      0.0667166      -0.647721
       0.160486      -0.741746
       0.253635      -0.829739
       0.345683      -0.912649
       0.436402      -0.991206
       0.525687       -1.06598
       0.613504       -1.13742
       0.699851       -1.20588
       0.784749       -1.27165
       0.868225       -1.33497
       0.950313       -1.39605
        1.03105       -1.45504
        1.11047       -1.51211
        1.18861       -1.56736
        1.26551       -1.62092
        1.34119       -1.67289
        1.41570       -1.72333
        1.48905       -1.77235
        1.56127       -1.81999
        1.63240       -1.86633
        1.70246       -1.91142
        1.77147       -1.95531
        1.83945       -1.99805
        1.90643       -2.03968
        1.97243       -2.08024
        2.03745       -2.11976
        2.10154       -2.15829
        2.16469       -2.19585
        2.22692       -2.23247
        2.28826       -2.26818
        2.34871       -2.30300
        2.40830       -2.33697
        2.46702       -2.37009
        2.52491       -2.40239
        2.58196       -2.43389
        2.63819       -2.46461
        2.69361       -2.49456
        2.74823       -2.52378
        2.80206       -2.55226
        2.85511       -2.58002
        2.90739       -2.60708
        2.95891       -2.63346
        3.00968       -2.65916
        3.05971       -2.68420
        3.10899       -2.70858
        3.15755       -2.73233
        3.20539       -2.75545
        3.25251       -2.77795
        3.29892       -2.79984
        3.34463       -2.82113
        3.38965       -2.84183
        3.43398       -2.86195
        3.47762       -2.88150
        3.52058       -2.90048
        3.56287       -2.91890
        3.60449       -2.93677
        3.64545       -2.95410
        3.68576       -2.97089
        3.72540       -2.98716
        3.76440       -3.00290
        3.80275       -3.01812
        3.84047       -3.03283
        3.87754       -3.04704
        3.91398       -3.06074
        3.94980       -3.07395
        3.98498       -3.08667
        4.01955       -3.09891
        4.05349       -3.11067
        4.08682       -3.12195
        4.11954       -3.13277
        4.15165       -3.14311
        4.18315       -3.15300
        4.21404       -3.16242
        4.24433       -3.17140
        4.27403       -3.17992
        4.30312       -3.18800
        4.33163       -3.19563
        4.35954       -3.20283
        4.38686       -3.20959
        4.41359       -3.21592
        4.43973       -3.22182
        4.46529       -3.22729
        4.49027       -3.23235
        4.51467       -3.23698
        4.53849       -3.24119
        4.56173       -3.24499
        4.58439       -3.24838
        4.60648       -3.25136
        4.62800       -3.25394
        4.64895       -3.25611
        4.66932       -3.25788
        4.68913       -3.25925
        4.70836       -3.26022
        4.72703       -3.26080
        4.74513       -3.26099
        4.76267       -3.26079
        4.77964       -3.26019
        4.79604       -3.25922
        4.81189       -3.25785
        4.82717       -3.25611
        4.84188       -3.25398
        4.85604       -3.25147
        4.86963       -3.24859
        4.88266       -3.24533
        4.89513       -3.24170
        4.90704       -3.23769
        4.91839       -3.23332
        4.92918       -3.22857
        4.93941       -3.22345
        4.94908       -3.21797
        4.95818       -3.21212
        4.96673       -3.20591
        4.97472       -3.19933
        4.98214       -3.19240
        4.98900       -3.18510
        4.99531       -3.17744
        5.00105       -3.16942
        5.00622       -3.16104
        5.01084       -3.15231
        5.01489       -3.14322
        5.01837       -3.13378
        5.02129       -3.12398
        5.02364       -3.11383
        5.02543       -3.10332
        5.02665       -3.09246
        5.02730       -3.08126
        5.02738       -3.06970
        5.02689       -3.05779
        5.02583       -3.04553
        5.02420       -3.03293
        5.02199       -3.01997
        5.01920       -3.00667
        5.01584       -2.99302
        5.01190       -2.97903
        5.00738       -2.96468
        5.00227       -2.95000
        4.99658       -2.93496
        4.99031       -2.91958
        4.98345       -2.90386
        4.97600       -2.88779
        4.96796       -2.87138
        4.95932       -2.85462
        4.95009       -2.83752
        4.94026       -2.82007
        4.92983       -2.80228
        4.91880       -2.78415
        4.90717       -2.76567
        4.89492       -2.74685
        4.88207       -2.72768
        4.86860       -2.70817
        4.85451       -2.68831
        4.83981       -2.66811
        4.82448       -2.64757
        4.80853       -2.62668
        4.79195       -2.60545
        4.77473       -2.58387
        4.75689       -2.56194
        4.73840       -2.53967
        4.71926       -2.51705
        4.69949       -2.49409
        4.67905       -2.47077
        4.65797       -2.44711
        4.63622       -2.42310
        4.61381       -2.39875
        4.59073       -2.37404
        4.56698       -2.34898
        4.54255       -2.32357
        4.51744       -2.29782
        4.49163       -2.27170
        4.46513       -2.24524
        4.43794       -2.21842
        4.41003       -2.19124
        4.38142       -2.16371
        4.35209       -2.13583
        4.32203       -2.10758
        4.29124       -2.07898
        4.25971       -2.05002
        4.22744       -2.02069
        4.19442       -1.99101
        4.16063       -1.96096
        4.12608       -1.93054
        4.09075       -1.89976
        4.05464       -1.86862
        4.01773       -1.83710
        3.98002       -1.80522
        3.94150       -1.77296
        3.90215       -1.74033
        3.86197       -1.70732
        3.82095       -1.67394
        3.77907       -1.64018
        3.73633       -1.60604
        3.69270       -1.57152
        3.64819       -1.53661
        3.60277       -1.50133
        3.55643       -1.46565
        3.50915       -1.42958
        3.46093       -1.39313
        3.41174       -1.35628
        3.36158       -1.31903
        3.31041       -1.28139
        3.25822       -1.24335
        3.20500       -1.20490
        3.15072       -1.16606
        3.09536       -1.12680
        3.03890       -1.08714
        2.98131       -1.04707
        2.92257       -1.00659
        2.86265      -0.965694
        2.80152      -0.924382
        2.73916      -0.882652
        2.67552      -0.840503
        2.61058      -0.797933
        2.54430      -0.754941
        2.47663      -0.711526
        2.40754      -0.667689
        2.33697      -0.623428
        2.26488      -0.578745
        2.19122      -0.533641
        2.11592      -0.488119
        2.03892      -0.442183
        1.96014      -0.395838
        1.87952      -0.349092
        1.79696      -0.301956
        1.71237      -0.254442
        1.62565      -0.206569
        1.53667      -0.158361
        1.44529      -0.109850
        1.35138     -0.0610760
        1.25475     -0.0120960
        1.15521      0.0370158
        1.05252      0.0861579
       0.946414       0.135191
       0.836585       0.183918
       0.722667       0.232062
       0.604247       0.279216
       0.480876       0.324780
       0.352120       0.367856
       0.217727       0.407125
      0.0779726       0.440792
     -0.0658142       0.466920
      -0.211137       0.484363
      -0.355292       0.493515
      -0.496460       0.495819
      -0.633836       0.492854
      -0.767231       0.485912
      -0.896744       0.475953
       -1.02258       0.463667
       -1.14499       0.449559
       -1.26419       0.433999
       -1.38041       0.417265
       -1.49383       0.399573
       -1.60463       0.381088
       -1.71297       0.361944
       -1.81898       0.342247
       -1.92278       0.322083
       -2.02448       0.301525
       -2.12419       0.280633
       -2.22199       0.259456
       -2.31796       0.238038
       -2.41218       0.216416
       -2.50472       0.194620
       -2.59563       0.172679
       -2.68497       0.150616
       -2.77280       0.128452
       -2.85917       0.106206
       -2.94411      0.0838944
       -3.02768      0.0615313
       -3.10990      0.0391301
       -3.19082      0.0167024
       -3.27047    -0.00574121
       -3.34889     -0.0281914
       -3.42610     -0.0506394
       -3.50213     -0.0730775
       -3.57700     -0.0954985
       -3.65075      -0.117896
       -3.72340      -0.140264
       -3.79497      -0.162597
       -3.86548      -0.184891
       -3.93495      -0.207140
       -4.00340      -0.229340
       -4.07085      -0.251487
       -4.13732      -0.273578
       -4.20282      -0.295610
       -4.26737      -0.317578
       -4.33099      -0.339481
       -4.39369      -0.361316
       -4.45548      -0.383079
       -4.51638      -0.404769
       -4.57639      -0.426384
       -4.63555      -0.447920
       -4.69384      -0.469377
       -4.75130      -0.490753
       -4.80792      -0.512045
       -4.86371      -0.533252
       -4.91870      -0.554373
       -4.97288      -0.575406
       -5.02628      -0.596349
       -5.07888      -0.617202
       -5.13072      -0.637963
       -5.18178      -0.658631
       -5.23209      -0.679205
       -5.28165      -0.699683
       -5.33047      -0.720065
       -5.37856      -0.740350
       -5.42591      -0.760537
       -5.47255      -0.780624
       -5.51847      -0.800611
       -5.56368      -0.820498
       -5.60820      -0.840283
       -5.65202      -0.859965
       -5.69515      -0.879544
       -5.73760      -0.899020
       -5.77937      -0.918390
       -5.82047      -0.937656
       -5.86091      -0.956816
       -5.90068      -0.975869
       -5.93979      -0.994815
       -5.97826       -1.01365
       -6.01608       -1.03238
       -6.05326       -1.05100
       -6.08980       -1.06952
       -6.12570       -1.08792
       -6.16098       -1.10621
       -6.19563       -1.12439
       -6.22967       -1.14246
       -6.26308       -1.16042
       -6.29588       -1.17826
       -6.32808       -1.19599
       -6.35966       -1.21361
       -6.39065       -1.23112
       -6.42103       -1.24851
       -6.45082       -1.26578
       -6.48002       -1.28294
       -6.50863       -1.29999
       -6.53665       -1.31692
       -6.56409       -1.33373
       -6.59095       -1.35042
       -6.61723       -1.36700
       -6.64293       -1.38346
       -6.66807       -1.39980
       -6.69263       -1.41603
       -6.71663       -1.43213
       -6.74006       -1.44812
       -6.76293       -1.46398
       -6.78524       -1.47973
       -6.80699       -1.49535
       -6.82819       -1.51085
       -6.84884       -1.52623
       -6.86893       -1.54149
       -6.88847       -1.55663
       -6.90747       -1.57164
       -6.92592       -1.58653
       -6.94383       -1.60130
       -6.96119       -1.61594
       -6.97802       -1.63046
       -6.99431       -1.64486
       -7.01006       -1.65913
       -7.02528       -1.67327
       -7.03996       -1.68728
       -7.05411       -1.70117
       -7.06774       -1.71494
       -7.08083       -1.72857
       -7.09339       -1.74208
       -7.10543       -1.75546
       -7.11695       -1.76871
       -7.12794       -1.78183
       -7.13841       -1.79482
       -7.14835       -1.80768
       -7.15778       -1.82041
       -7.16669       -1.83301
       -7.17508       -1.84547
       -7.18295       -1.85781
       -7.19030       -1.87001
       -7.19715       -1.88208
       -7.20347       -1.89401
       -7.20929       -1.90581
       -7.21459       -1.91748
       -7.21938       -1.92901
       -7.22365       -1.94040
       -7.22742       -1.95166
       -7.23068       -1.96278
       -7.23343       -1.97376
       -7.23567       -1.98461
       -7.23740       -1.99532
       -7.23863       -2.00588
       -7.23934       -2.01631
       -7.23956       -2.02660
       -7.23926       -2.03675
       -7.23846       -2.04675
       -7.23715       -2.05661
       -7.23534       -2.06633
       -7.23303       -2.07591
       -7.23021       -2.08534
       -7.22688       -2.09463
       -7.22306       -2.10377
       -7.21872       -2.11277
       -7.21389       -2.12162
       -7.20855       -2.13032
       -7.20270       -2.13888
       -7.19636       -2.14728
       -7.18951       -2.15554
       -7.18215       -2.16364
       -7.17429       -2.17160
       -7.16593       -2.17940
       -7.15706       -2.18705
       -7.14769       -2.19454
       -7.13782       -2.20189
       -7.12744       -2.20907
       -7.11655       -2.21611
       -7.10516       -2.22298
       -7.09327       -2.22970
       -7.08087       -2.23626
       -7.06796       -2.24266
       -7.05454       -2.24890
       -7.04062       -2.25498
       -7.02619       -2.26089
       -7.01125       -2.26665
       -6.99580       -2.27224
       -6.97984       -2.27766
       -6.96337       -2.28292
       -6.94639       -2.28801
       -6.92890       -2.29294
       -6.91089       -2.29770
       -6.89238       -2.30228
       -6.87334       -2.30670
       -6.85379       -2.31094
       -6.83373       -2.31501
       -6.81315       -2.31890
       -6.79205       -2.32262
       -6.77043       -2.32617
       -6.74829       -2.32953
       -6.72563       -2.33272
       -6.70245       -2.33572
       -6.67874       -2.33855
       -6.65451       -2.34119
       -6.62975       -2.34364
       -6.60446       -2.34592
       -6.57864       -2.34800
       -6.55230       -2.34989
       -6.52542       -2.35160
       -6.49800       -2.35311
       -6.47005       -2.35443
       -6.44157       -2.35556
       -6.41254       -2.35649
       -6.38298       -2.35722
       -6.35287       -2.35775
       -6.32222       -2.35809
       -6.29102       -2.35821
       -6.25927       -2.35814
       -6.22698       -2.35786
       -6.19413       -2.35737
       -6.16072       -2.35667
       -6.12676       -2.35576
       -6.09224       -2.35463
       -6.05716       -2.35329
       -6.02152       -2.35173
       -5.98531       -2.34995
       -5.94853       -2.34795
       -5.91118       -2.34573
       -5.87325       -2.34327
       -5.83475       -2.34059
       -5.79567       -2.33768
       -5.75600       -2.33453
       -5.71575       -2.33115
       -5.67491       -2.32753
       -5.63348       -2.32367
       -5.59145       -2.31956
       -5.54883       -2.31520
       -5.50560       -2.31060
       -5.46176       -2.30574
       -5.41732       -2.30063
       -5.37226       -2.29526
       -5.32658       -2.28962
       -5.28029       -2.28373
       -5.23336       -2.27756
       -5.18581       -2.27112
       -5.13763       -2.26440
       -5.08880       -2.25740
       -5.03933       -2.25012
       -4.98922       -2.24255
       -4.93845       -2.23469
       -4.88702       -2.22654
       -4.83493       -2.21808
       -4.78216       -2.20932
       -4.72873       -2.20025
       -4.67461       -2.19087
       -4.61981       -2.18117
       -4.56432       -2.17114
       -4.50812       -2.16078
       -4.45123       -2.15009
       -4.39362       -2.13905
       -4.33529       -2.12767
       -4.27623       -2.11593
       -4.21644       -2.10384
       -4.15591       -2.09137
       -4.09463       -2.07854
       -4.03259       -2.06532
       -3.96978       -2.05171
       -3.90620       -2.03771
       -3.84183       -2.02330
       -3.77667       -2.00847
       -3.71071       -1.99322
       -3.64393       -1.97754
       -3.57632       -1.96142
       -3.50788       -1.94484
       -3.43859       -1.92779
       -3.36844       -1.91027
       -3.29741       -1.89226
       -3.22550       -1.87374
       -3.15269       -1.85471
       -3.07896       -1.83515
       -3.00430       -1.81504
       -2.92869       -1.79436
       -2.85213       -1.77311
       -2.77458       -1.75125
       -2.69603       -1.72877
       -2.61647       -1.70565
       -2.53587       -1.68187
       -2.45421       -1.65739
       -2.37147       -1.63220
       -2.28762       -1.60626
       -2.20265       -1.57955
       -2.11652       -1.55202
       -2.02920       -1.52364
       -1.94068       -1.49438
       -1.85090       -1.46418
       -1.75985       -1.43300
       -1.66749       -1.40077
       -1.57378       -1.36746
       -1.47869       -1.33297
       -1.38216       -1.29724
       -1.28416       -1.26019
       -1.18464       -1.22171
       -1.08356       -1.18169
      -0.980856       -1.14001
      -0.876492       -1.09651
      -0.770416       -1.05102
      -0.662585       -1.00334
      -0.552962      -0.953211
      -0.441529      -0.900344
      -0.328300      -0.844377
      -0.213336      -0.784876
     -0.0967938      -0.721314
      0.0210217      -0.653068
       0.139559      -0.579445
       0.257901      -0.499784
       0.374693      -0.413683
       0.488266      -0.321344
       0.597090      -0.223763
       0.700273      -0.122468
       0.797658     -0.0190010
       0.889572      0.0854227
       0.976541       0.189964
        1.05911       0.294084
        1.13779       0.397445
        1.21300       0.499846
        1.28512       0.601166
        1.35447       0.701340
        1.42128       0.800335
        1.48581       0.898140
        1.54822       0.994757
        1.60869        1.09020
        1.66735        1.18448
        1.72433        1.27762
        1.77973        1.36965
        1.83366        1.46057
        1.88620        1.55043
        1.93742        1.63924
        1.98738        1.72702
        2.03617        1.81379
        2.08382        1.89959
        2.13038        1.98442
        2.17592        2.06830
        2.22046        2.15126
        2.26405        2.23332
        2.30672        2.31449
        2.34851        2.39478
        2.38944        2.47422
        2.42955        2.55282
        2.46887        2.63059
        2.50741        2.70756
        2.54520        2.78372
        2.58226        2.85910
        2.61862        2.93371
        2.65430        3.00755
        2.68930        3.08065
        2.72365        3.15301
        2.75737        3.22464
        2.79047        3.29556
        2.82296        3.36577
        2.85486        3.43528
        2.88619        3.50410
        2.91695        3.57224
        2.94716        3.63971
        2.97682        3.70652
        3.00596        3.77268
        3.03457        3.83818
        3.06268        3.90305
        3.09028        3.96728
        3.11740        4.03088
        3.14403        4.09387
        3.17019        4.15625
        3.19588        4.21801
        3.22111        4.27918
        3.24590        4.33975
        3.27024        4.39974
        3.29414        4.45914
        3.31761        4.51796
        3.34066        4.57621
        3.36330        4.63389
        3.38552        4.69101
        3.40734        4.74757
        3.42876        4.80358
        3.44978        4.85904
        3.47042        4.91395
        3.49067        4.96833
        3.51055        5.02216
        3.53005        5.07547
        3.54918        5.12825
        3.56794        5.18050
        3.58635        5.23224
        3.60440        5.28345
        3.62210        5.33416
        3.63945        5.38435
        3.65646        5.43403
        3.67312        5.48322
        3.68945        5.53190
        3.70545        5.58009
        3.72112        5.62778
        3.73646        5.67498
        3.75148        5.72170
        3.76618        5.76792
        3.78056        5.81367
        3.79463        5.85893
        3.80839        5.90372
        3.82184        5.94804
        3.83499        5.99188
        3.84783        6.03525
        3.86038        6.07815
        3.87263        6.12059
        3.88459        6.16257
        3.89625        6.20409
        3.90763        6.24514
        3.91872        6.28574
        3.92952        6.32589
        3.94004        6.36559
        3.95029        6.40483
        3.96025        6.44363
        3.96994        6.48197
        3.97936        6.51988
        3.98850        6.55734
        3.99738        6.59436
        4.00599        6.63094
        4.01433        6.66709
        4.02241        6.70279
        4.03023        6.73806
        4.03779        6.77290
        4.04509        6.80731
        4.05213        6.84129
        4.05892        6.87484
        4.06546        6.90796
        4.07174        6.94066
        4.07778        6.97293
        4.08356        7.00478
        4.08910        7.03620
        4.09440        7.06721
        4.09945        7.09780
        4.10426        7.12797
        4.10883        7.15772
        4.11315        7.18705
        4.11724        7.21597
        4.12110        7.24448
        4.12472        7.27257
        4.12810        7.30026
        4.13125        7.32753
        4.13417        7.35439
        4.13686        7.38084
        4.13932        7.40689
        4.14155        7.43253
        4.14355        7.45776
        4.14533        7.48258
        4.14688        7.50701
        4.14821        7.53102
        4.14932        7.55464
        4.15021        7.57785
        4.15087        7.60067
        4.15132        7.62308
        4.15155        7.64509
